$ANSIBLE_VAULT;1.1;AES256
39643138313733636431333665623237663138623539653730323033363665353566393531333062
3531396138666165333362393439326234636631326362380a366266656536393839613336633761
62373337363337333764646338363431643333663765373239373039376664376563626464646365
3632616364393730300a326539663230316164306630653333623661616637323036333463343733
34626439613635653166326532653663636336666338393063396538626334616233303064646531
34303330363437343237373361343461333836353532643936653833613165333662663965353637
37653238346666336166613630386465373935343063316561663665353230313366653664323736
36333539643632646138336265656261316537656337333236666263633464643032623533313338
31653233643162353963386338303164386339613234643864356439623031623963643565313039
30626462393238393330333139623266666532663232633430366534363363353337343233363436
31353465323062383365326261396132653234316634303762373563346635623437636638353733
39633937343036366635366264383561636161336665313634343962353636396337396438616364
63343035333461663665356338373732626434343237313930373334373832363032643332366466
32643564353233643830343165353530383035343364623261336635633330303138376563306235
65303165653263353137323636623637346639643565396637336538333763393636386461626362
36643661373538373966343265616166333430356439346537616564653562653535303132383833
61663837626462653261326165376661303165383837626230616161386133623531326363356438
61623135663364636337663535356262636433656231323564613565346536333139343834343536
31383366363134656539333433393964633832373739393565366331633739346433323837383338
61643833653438323765623734383165333136646665656562666565356530393534653938643739
33616536323465626632646665346338326139316266656331626565366436623136643338396464
32323536633738356463363333613136316562393861393865333934396439396663363666396433
39373833366165363862623830646665306361663561626332353735326137643934386365366132
35616635303531306431313564636430343636383339643261646463346330306565616161636431
36313034623965363339623332363838343930643533653566373064336139373166653231306265
35633138326337656665356233633634343939643731333166646564336565386362373664323635
36336662326261633661633532663931316139613332373037393466613034353934306364626366
61376130646331323261373063663535643630333734373263663230653835383135383638643137
63353665646265316432313364626330383430363430306266333537653132343464353631323539
61393038323666343136376638346530326232306366343539656134353134666664326239313934
38613335333137363738386463343535356533313563333632393632326339386364643230393965
63643261393762643061623138313933363631316364343938346164303964306563353663396130
31393733336362363764656666353636326466653764366665653933333162663032616336653234
61393932613961356236626533646433633164356234366563396136363262373362373436346464
34366338363361353963383863306532303538336534616636343632643633373063366162363461
30393666316435383132306436643137306562663464663532353037363830353236396165373563
64616138383534616265353862303037356161323732616139313336363231336265326436323333
62353432663862613963383934303638323939363265633364376262373739643431353363616461
35323235353261306265366135646366346263383637633133643034363533306637376532396139
65626364373038366265393134636230313236616635366130383736373063356237343439306666
64643866363336383062646130343036653332613431656533636337393531633966653464363731
31386461343963323339383030303965663534613637386366666630623862636438653661373032
63393832323331653239613235613732623239373666646161396138363234636137313539663766
39313434653832326231653866633838313730396639323931643831333232363566623663623064
39306564653538333436383132646137643063326561386163656533303430626166656431643433
36373434396462346661663166643731333964393536326262633835336566636261646137616633
61303563656261333562373664396430333435373637393637616664323734353039383533633161
66663361303338656330633038353137313565323938353036343063623662306433306363333935
36373466613930363835333435373761643438636163333066633165653135646435663164393838
37313961376539343463326634613531633537643137393337373531383162383436363730306534
61386465616333623964353761353031623965336235633639383463333066383964346336626564
32356163313364323365383336613364656633666264336231346364343566386137326165663661
30333662623639623430663030633531613030633032323361376330383338633434376637313534
39613965656633373637316131346233666464336633653930383535373563363566643931376539
35393866653163636433343732326564386364366261366366336334376234303034373365616262
37656561316266666166336630386439643962316437643463353232333935623665646236323336
30323765626434373266363337383461396133663466663963366335613536616336326461393930
32343166383832633439653834343130353465623564633935323531343961346432323062613362
34616634363832333661323735616434306339343663396639326161316134633036623834653566
34313638363139376330356364306161303236323531306533626635616534333633383831306638
36343635623161326462666662636562356433373034383361386139303835333633363061663236
66626666633732363261373336386337643135303330626535636335303662383765626161656632
66373362323739313331313331343635366561663965353836363561656561333361636137323566
34326233643838623033353461323766613837386335663630643866366565383463653966336238
32653463663032356333386661616162323464656366303334356162393565393736656535646235
64666566643163323266366461636565353461656461646266366466326163366239326237376162
37653964363965363538313336373339306436636234383566353936666264666336313237643232
66343761323636646533303631356131373130613838383636396164353566633862323037666561
31366664363562373335363633353835373464393239343966666663333865396665336135373332
38353734663037386534333663636230613165343139666364306634313537643565656531663361
64383362383130323634663265623939653436386639336536626466323361333637636466373538
32373961373566313833383664333539366533393961323830646336666466346139623864363861
39333239356537353231356235316631626134323039326134303364333664373035663530323033
32636138636166366134373233346462303438626239396334316430303930386661353063343462
36626638386662633038363238316438346139346239363130666632626539316162653432643939
65636232346134613563646639383333393738646137343438643534373837633733303462666163
61623166653362393638623865366138643632343134313032376232306130643730326365333738
34366461386363656561666662376536333035613631366665323330313333336632663933643036
31333235666462373436353436386662333564333935346633336435623737363562363135393636
37313639616262386230303861326563333165663866316535343763376666346336633635313837
35636363616431643566653834656430366237343537343861666262633331373236346363343431
33656631666637353938373331613636306433363763376161313866656563326338613239353036
62313530326337336635626637356365663432626136303264626238613135613833663237303761
61346437323962373637616138383638373433366365663765396234666466613531303461623063
62336430316664313233306231633339636665666664376537353966396131656635373063383163
39663434633030393137633833653835323238373430383135326632323662623631326135356431
33653538633930333432376534343162336334643165313138393137646661316439383835616663
31636462633063343837653061383266383238643134343565383532333237313135396664376434
66666663616238643262373334633366613638633465363466346239343738636663333663303161
63643164393433326533613764306534333536336361623364353437353735663164373132303038
30353332303834663266396437643233636638613133316130363761366532343135353538663463
31323632613962323462386336613338326466376563376561643864393033303963396133626431
30303232643739633231633038616333346433316334636539643432663962366136663035366231
32346530636162306639303539373734343762326464333837303030363232636536303465356566
61666564613061306133373030363963373533643435386261393231396537303238343162323932
30333133646166363739666635336166386130326436343030346236653262663661323065613532
63306237316639313437653231656334366631663230316532316663343162643231316638363530
63393139343933663639656663316631373038613534353631373237393463333834323365643535
30376465336530316363313864366335323463326364336362333963616432373565366161653564
30633437363238613561333034326135653962393932353032626266636338346436333461363038
37383736656437323333333665633730333431326265623661333231336664343138623538346437
61643039363937313339316134623432323161306163643535666362373630373438326537333833
30353435323832353161636432356261363064333439656363653662373835303634313937646265
62613832313234656333633632646462393864316631613837663563636262646332303933336235
62376336303834333763373139636534643230373239383264323031366334646234326130616565
63383739356535396464323061323034656133366366666437393563633635656138636361616337
36636463633966646564653737346139336537386232313765666165373962316665323965363231
65303463323134623433643062396237353562336237386265323965373564376637316461343337
65633861663039363165333932383063363534316330656161376533303038643031373465353164
64313064323233663661616363616631323136363933336239336437383863616561653762623566
32633466613635393539343534393661623734313763653230643439626234363763636538636430
64356332626461663931353866343033313338333632383335303361373832373936613565326632
34633461366366343131653531323130646135323832613035393034376138313235396362646166
34636231666663616137656537313235663437633462653236306161356561393161333463323863
37393337336661393539663962353664383563386165383139373866646639323831613966636139
35393435393761623433663739346339356462613433343262386330636565376532336565623365
32393465316435336231656266653761616439333534343332623865333639323534356439373739
30623234376665323534366332643635346532366536643436343864623732663438373037393163
64393164333936316265626161653165383364653336376265636165333163306564383832656163
65363338666231643165626562346637663634366437656334363161373131326562313662656632
38613463333738333661343834333261666531383538633432333136363966326231366437656333
65663565336238613266363330303838653238316539323565636461626361393335633335386138
36666161383662346331396534333266343131346337663034643934376165656134333536663534
35326636393036366234366264636162656133363061393530643336366463666338303839633633
65656234383132313633326338613436323239613565393538663736386635643639613765386133
36616338663833303139376665633337356639316439353131343339306564393236313537646163
62353035383235623665343065663535323131343263396237646264653765616332636332633164
61666662386665366463396564363533393061636262346135396633353931313338353234386465
33393962373138643762643235326635633739663164623064643735653564653133643832663135
66343836623562613133333264363239663230396163633730393561626332646365336531636630
37303834393561613534653062366132383930633836303664336530646565633939396137623837
33666164343436626163316534626363393365333264396436663931336233353563633963613561
38373336643339616338613232383161313537393736663964316635666361366463653539396230
65333364373632363262373261393236616133636430393237363062303061363337363237373238
34666566386330373933333866363938653163383431393962336261623262393565323237343837
62393736376539313630656431336332386332353565616663346433663961663936316235303034
6639
